14.9
14.2
13.2
13.1
12.3
12.4
12.5
15.3
17.7
19.8
21.5
22.3
22.9
23.1
22.7
22.3
22.7
22.4
22
21
19.4
18.7
17.8
17.4
16.9
16.6
16.1
16.4
15.5
15.1
15.6
18.3
21.2
21.6
22.3
22.1
22.8
23.6
23.4
22.5
21.7
21.6
21.4
20.9
20.2
19.9
19.9
20.2
20.4
20.7
20.9
20.8
20
19.9
21.2
22.1
23.3
23.8
25.7
26.5
27.8
27
27.9
27.6
26.6
26.8
26.6
27.9
26.9
25.7
24.7
23.9
22.9
22.1
21.6
21.5
20.8
20.4
20.6
23.6
25.1
25.9
26
27.2
27.3
28.5
29.1
28.5
27
26.7
26.5
26.8
26.4
25.8
25.3
24.7
24
23.9
22.2
22.5
22.4
22.2
22.2
23.2
24.8
26.5
27.9
27.5
27.7
26.6
25.7
25.5
25.6
25.4
21.2
21.3
21.5
22
21.8
20.9
20.7
20.7
20.3
20
19.6
19.6
20.4
21.6
22.6
23.7
25.3
26.1
24.2
26.1
26.9
28.1
27.2
28.1
27.2
26.2
24.7
23.2
22.7
22.3
21.9
20.7
20.1
19.3
19
18.3
18.8
20.6
22.1
23.8
25.5
25.7
25.7
25.8
26.3
27.6
27.7
26.8
26.3
25.9
25
24.2
22.7
21.4
20.7
20.4
20.3
19.7
19.3
19.5
20.3
21.8
23.5
24.2
26
26.2
27.8
28.5
29.3
29.1
28.9
28.7
28.2
27.3
26.5
25.6
24.6
23.4
22.6
21.7
21.9
21.4
21.5
22.1
22.8
23.6
25.6
25.8
26.1
26.1
26.3
27.3
28.5
27.5
27.7
28.6
27.4
27
26.8
26.9
26.1
25.4
25
24.4
24.1
23.6
23.6
21.4
19.8
19.1
18.8
19.4
20.5
21.2
21.3
20.5
21.9
22.3
21.7
21.9
21.4
21
20.7
20.3
20.5
20.5
20.1
19.8
19.6
19.3
19.2
18.9
19.1
19.7
21.2
21.9
23.1
23.1
24
25.4
25.2
24.7
24.5
25.1
23.6
24
23.2
22.5
21.4
20.6
19.9
19.6
19.1
19
18.5
18.3
18.5
21
23.7
25
25.6
26.2
27.6
27.8
27.8
28
26.6
22.8
22.7
21.2
20.4
20.1
20.1
20.2
20
19.7
19.4
19.1
18.9
18.6
18.9
20.1
22.1
24.2
25.3
26
27
27
27.3
27.2
27.7
27.3
26.8
25.8
24.4
23.4
23.7
23.2
22.9
22.7
22
21
20.6
20.3
20.7
22.5
24.2
25.1
25.8
26.9
28.1
27
22.3
22.6
23.5
24.2
25.8
25.2
25.2
24.8
23.6
23.4
23.3
22.6
22.9
22.5
22.5
22.3
22.6
22.9
23.3
24.4
24.9
23.7
23.2
22.6
23.4
22.9
21.8
24.3
24.2
23.4
22.4
22
21.9
21.6
21.5
20.8
20.8
21.3
21.3
21.5
21.7
22.3
22.2
21.7
20.8
20.7
21.9
25.1
27.7
24.3
25.2
25.3
25.8
24.5
23.4
22.6
23.2
23.8
23.3
22.7
22.2
22.4
21.8
21.5
20.6
21
22
23.2
24.3
25
27.1
25.6
25.1
25.2
24.8
25.8
25.6
24.8
23.8
22.3
21.1
20.4
19.2
18.8
18
17.6
17.4
17
17
17.8
19.4
19.8
20.9
20.3
21.6
22.3
21.6
21.9
21.4
22.1
21.6
21
19.7
18.6
18
17.3
16.7
15.9
15.4
14.7
14.5
14
14.1
16.1
19.3
21.1
22.1
21.8
22.9
23.1
23.4
24.4
24.2
23.6
23.3
22.5
21.9
21.6
21.3
20.1
18.4
17.6
17.4
16.6
16.1
15.8
16
18.5
20.7
22.1
23.8
24
24.8
26.6
26.1
26.5
26
25.3
24.7
24.4
24.2
22.4
21.6
21
20.9
20.2
19.8
19.6
19.9
20.3
20.5
21.2
22.1
24.2
24.5
23.5
25.9
26.7
27.2
26.9
27
26.4
25.5
24.3
24.1
23.4
22.9
21.8
20.9
20.7
19.9
19.8
18.4
18.6
19.2
20.1
21.6
23.3
25.1
25.1
26.2
26.3
27.3
26.9
25.6
25.6
25.2
25.4
24.2
23.3
22.8
23.3
22.3
22.5
20.8
20.8
21.3
21.3
21.1
21.3
22.4





26.9
28
27.8
27.1
25.7
25.1
24.5
24
23.9
23.4
22.6
22.4
22
21.9
21.9
21.8
22.5
23
23.3
24.5
25.8
23.7
22.2
23.2
21.4
22.8
22.8
25.2
24.4
22.9
21.8
21
20.4
19.6
18.9
18.2
18.1
17.4
17
16.7
17
17.9
19.6
21.1
22.4
23.4
23.8
24.3
24.4
25.3
25
24.4
23.8
22.9
21.3
20
19.7
19.9
18.6
18
17.1
16.5
17.6
17.2
17
18.4
21.1
22.8
24.5
24.4
24.2
24.9
25.3
25.7
25.4
25.3
23.9
23
21.8
20.9
21.2
20.5
20.6
20.5
18.9
18.7
18.4
17.5
18.2
19.8
21.7
23.9
24.9
25.3
25.6
25.5
26.7
26.9
26.6
26.2
25.6
24.7
23.7
22.3
21.5
21.1
21.3
21.5
19.9
19.6
19
18.9
19.1
20.6
22.3
23.5
25.3
26
26.6
27.2
27.4
28.5
26.4
25.6
25
24.4
23.8
23.7
23.6

22.7
21.5
21.1
20.9
20.9
20
20.1
21.6
24.4
24.9
25.8
26.4
26.8
27.2
27.9
28.1
27
26.9
26.8
25.9
25.2
24.6
24.3
24
24.3
23.8
23.6
23.4
23.1
23.4
23.4
24.6
25
26
26.6

26.5
27.9
27.8
27.9
27.9
27.8
26.2
25.5
25.2
25.1
25
24.7
24.4
24
23.7
23.3
23.1
23.2
23.3
23
23.6
24.4
25.3
27
27.6
29.9
30.9
30.6
31.9
31.6
29.2
25.1
25.3
24.8
24.4
24.4
24.6
